#Convert
#Thu Jul 11 13:15:17 CEST 2002
height=0.0
mapLat=49.40996006326572
mapLon=8.714362130178404
lat=49.40996006326572
mapZoom=2500.0
angle=0.0
lon=8.714362130178404
